48
100.00 150.00 125.00
150.00 200.00 175.00
200.00 250.00 225.00
250.00 300.00 275.00
300.00 350.00 325.00
350.00 400.00 375.00
400.00 450.00 425.00
450.00 500.00 475.00
500.00 550.00 525.00
550.00 600.00 575.00
600.00 650.00 625.00
650.00 700.00 675.00
700.00 750.00 725.00
750.00 800.00 775.00
800.00 850.00 825.00
850.00 900.00 875.00
900.00 950.00 925.00
950.00 1000.00 975.00
1000.00 1050.00 1025.00
1050.00 1100.00 1075.00
1100.00 1150.00 1125.00
1150.00 1200.00 1175.00
1200.00 1250.00 1225.00
1250.00 1300.00 1275.00
1300.00 1350.00 1325.00
1350.00 1400.00 1375.00
1400.00 1450.00 1425.00
1450.00 1500.00 1475.00
1500.00 1550.00 1525.00
1550.00 1600.00 1575.00
1600.00 1650.00 1625.00
1650.00 1700.00 1675.00
1700.00 1750.00 1725.00
1750.00 1800.00 1775.00
1800.00 1850.00 1825.00
1850.00 1900.00 1875.00
1900.00 1950.00 1925.00
1950.00 2000.00 1975.00
2000.00 2050.00 2025.00
2050.00 2100.00 2075.00
2100.00 2150.00 2125.00
2150.00 2200.00 2175.00
2200.00 2250.00 2225.00
2250.00 2300.00 2275.00
2300.00 2350.00 2325.00
2350.00 2400.00 2375.00
2400.00 2450.00 2425.00
2450.00 2500.00 2475.00
