800
100.00 103.00 101.50
103.00 106.00 104.50
106.00 109.00 107.50
109.00 112.00 110.50
112.00 115.00 113.50
115.00 118.00 116.50
118.00 121.00 119.50
121.00 124.00 122.50
124.00 127.00 125.50
127.00 130.00 128.50
130.00 133.00 131.50
133.00 136.00 134.50
136.00 139.00 137.50
139.00 142.00 140.50
142.00 145.00 143.50
145.00 148.00 146.50
148.00 151.00 149.50
151.00 154.00 152.50
154.00 157.00 155.50
157.00 160.00 158.50
160.00 163.00 161.50
163.00 166.00 164.50
166.00 169.00 167.50
169.00 172.00 170.50
172.00 175.00 173.50
175.00 178.00 176.50
178.00 181.00 179.50
181.00 184.00 182.50
184.00 187.00 185.50
187.00 190.00 188.50
190.00 193.00 191.50
193.00 196.00 194.50
196.00 199.00 197.50
199.00 202.00 200.50
202.00 205.00 203.50
205.00 208.00 206.50
208.00 211.00 209.50
211.00 214.00 212.50
214.00 217.00 215.50
217.00 220.00 218.50
220.00 223.00 221.50
223.00 226.00 224.50
226.00 229.00 227.50
229.00 232.00 230.50
232.00 235.00 233.50
235.00 238.00 236.50
238.00 241.00 239.50
241.00 244.00 242.50
244.00 247.00 245.50
247.00 250.00 248.50
250.00 253.00 251.50
253.00 256.00 254.50
256.00 259.00 257.50
259.00 262.00 260.50
262.00 265.00 263.50
265.00 268.00 266.50
268.00 271.00 269.50
271.00 274.00 272.50
274.00 277.00 275.50
277.00 280.00 278.50
280.00 283.00 281.50
283.00 286.00 284.50
286.00 289.00 287.50
289.00 292.00 290.50
292.00 295.00 293.50
295.00 298.00 296.50
298.00 301.00 299.50
301.00 304.00 302.50
304.00 307.00 305.50
307.00 310.00 308.50
310.00 313.00 311.50
313.00 316.00 314.50
316.00 319.00 317.50
319.00 322.00 320.50
322.00 325.00 323.50
325.00 328.00 326.50
328.00 331.00 329.50
331.00 334.00 332.50
334.00 337.00 335.50
337.00 340.00 338.50
340.00 343.00 341.50
343.00 346.00 344.50
346.00 349.00 347.50
349.00 352.00 350.50
352.00 355.00 353.50
355.00 358.00 356.50
358.00 361.00 359.50
361.00 364.00 362.50
364.00 367.00 365.50
367.00 370.00 368.50
370.00 373.00 371.50
373.00 376.00 374.50
376.00 379.00 377.50
379.00 382.00 380.50
382.00 385.00 383.50
385.00 388.00 386.50
388.00 391.00 389.50
391.00 394.00 392.50
394.00 397.00 395.50
397.00 400.00 398.50
400.00 403.00 401.50
403.00 406.00 404.50
406.00 409.00 407.50
409.00 412.00 410.50
412.00 415.00 413.50
415.00 418.00 416.50
418.00 421.00 419.50
421.00 424.00 422.50
424.00 427.00 425.50
427.00 430.00 428.50
430.00 433.00 431.50
433.00 436.00 434.50
436.00 439.00 437.50
439.00 442.00 440.50
442.00 445.00 443.50
445.00 448.00 446.50
448.00 451.00 449.50
451.00 454.00 452.50
454.00 457.00 455.50
457.00 460.00 458.50
460.00 463.00 461.50
463.00 466.00 464.50
466.00 469.00 467.50
469.00 472.00 470.50
472.00 475.00 473.50
475.00 478.00 476.50
478.00 481.00 479.50
481.00 484.00 482.50
484.00 487.00 485.50
487.00 490.00 488.50
490.00 493.00 491.50
493.00 496.00 494.50
496.00 499.00 497.50
499.00 502.00 500.50
502.00 505.00 503.50
505.00 508.00 506.50
508.00 511.00 509.50
511.00 514.00 512.50
514.00 517.00 515.50
517.00 520.00 518.50
520.00 523.00 521.50
523.00 526.00 524.50
526.00 529.00 527.50
529.00 532.00 530.50
532.00 535.00 533.50
535.00 538.00 536.50
538.00 541.00 539.50
541.00 544.00 542.50
544.00 547.00 545.50
547.00 550.00 548.50
550.00 553.00 551.50
553.00 556.00 554.50
556.00 559.00 557.50
559.00 562.00 560.50
562.00 565.00 563.50
565.00 568.00 566.50
568.00 571.00 569.50
571.00 574.00 572.50
574.00 577.00 575.50
577.00 580.00 578.50
580.00 583.00 581.50
583.00 586.00 584.50
586.00 589.00 587.50
589.00 592.00 590.50
592.00 595.00 593.50
595.00 598.00 596.50
598.00 601.00 599.50
601.00 604.00 602.50
604.00 607.00 605.50
607.00 610.00 608.50
610.00 613.00 611.50
613.00 616.00 614.50
616.00 619.00 617.50
619.00 622.00 620.50
622.00 625.00 623.50
625.00 628.00 626.50
628.00 631.00 629.50
631.00 634.00 632.50
634.00 637.00 635.50
637.00 640.00 638.50
640.00 643.00 641.50
643.00 646.00 644.50
646.00 649.00 647.50
649.00 652.00 650.50
652.00 655.00 653.50
655.00 658.00 656.50
658.00 661.00 659.50
661.00 664.00 662.50
664.00 667.00 665.50
667.00 670.00 668.50
670.00 673.00 671.50
673.00 676.00 674.50
676.00 679.00 677.50
679.00 682.00 680.50
682.00 685.00 683.50
685.00 688.00 686.50
688.00 691.00 689.50
691.00 694.00 692.50
694.00 697.00 695.50
697.00 700.00 698.50
700.00 703.00 701.50
703.00 706.00 704.50
706.00 709.00 707.50
709.00 712.00 710.50
712.00 715.00 713.50
715.00 718.00 716.50
718.00 721.00 719.50
721.00 724.00 722.50
724.00 727.00 725.50
727.00 730.00 728.50
730.00 733.00 731.50
733.00 736.00 734.50
736.00 739.00 737.50
739.00 742.00 740.50
742.00 745.00 743.50
745.00 748.00 746.50
748.00 751.00 749.50
751.00 754.00 752.50
754.00 757.00 755.50
757.00 760.00 758.50
760.00 763.00 761.50
763.00 766.00 764.50
766.00 769.00 767.50
769.00 772.00 770.50
772.00 775.00 773.50
775.00 778.00 776.50
778.00 781.00 779.50
781.00 784.00 782.50
784.00 787.00 785.50
787.00 790.00 788.50
790.00 793.00 791.50
793.00 796.00 794.50
796.00 799.00 797.50
799.00 802.00 800.50
802.00 805.00 803.50
805.00 808.00 806.50
808.00 811.00 809.50
811.00 814.00 812.50
814.00 817.00 815.50
817.00 820.00 818.50
820.00 823.00 821.50
823.00 826.00 824.50
826.00 829.00 827.50
829.00 832.00 830.50
832.00 835.00 833.50
835.00 838.00 836.50
838.00 841.00 839.50
841.00 844.00 842.50
844.00 847.00 845.50
847.00 850.00 848.50
850.00 853.00 851.50
853.00 856.00 854.50
856.00 859.00 857.50
859.00 862.00 860.50
862.00 865.00 863.50
865.00 868.00 866.50
868.00 871.00 869.50
871.00 874.00 872.50
874.00 877.00 875.50
877.00 880.00 878.50
880.00 883.00 881.50
883.00 886.00 884.50
886.00 889.00 887.50
889.00 892.00 890.50
892.00 895.00 893.50
895.00 898.00 896.50
898.00 901.00 899.50
901.00 904.00 902.50
904.00 907.00 905.50
907.00 910.00 908.50
910.00 913.00 911.50
913.00 916.00 914.50
916.00 919.00 917.50
919.00 922.00 920.50
922.00 925.00 923.50
925.00 928.00 926.50
928.00 931.00 929.50
931.00 934.00 932.50
934.00 937.00 935.50
937.00 940.00 938.50
940.00 943.00 941.50
943.00 946.00 944.50
946.00 949.00 947.50
949.00 952.00 950.50
952.00 955.00 953.50
955.00 958.00 956.50
958.00 961.00 959.50
961.00 964.00 962.50
964.00 967.00 965.50
967.00 970.00 968.50
970.00 973.00 971.50
973.00 976.00 974.50
976.00 979.00 977.50
979.00 982.00 980.50
982.00 985.00 983.50
985.00 988.00 986.50
988.00 991.00 989.50
991.00 994.00 992.50
994.00 997.00 995.50
997.00 1000.00 998.50
1000.00 1003.00 1001.50
1003.00 1006.00 1004.50
1006.00 1009.00 1007.50
1009.00 1012.00 1010.50
1012.00 1015.00 1013.50
1015.00 1018.00 1016.50
1018.00 1021.00 1019.50
1021.00 1024.00 1022.50
1024.00 1027.00 1025.50
1027.00 1030.00 1028.50
1030.00 1033.00 1031.50
1033.00 1036.00 1034.50
1036.00 1039.00 1037.50
1039.00 1042.00 1040.50
1042.00 1045.00 1043.50
1045.00 1048.00 1046.50
1048.00 1051.00 1049.50
1051.00 1054.00 1052.50
1054.00 1057.00 1055.50
1057.00 1060.00 1058.50
1060.00 1063.00 1061.50
1063.00 1066.00 1064.50
1066.00 1069.00 1067.50
1069.00 1072.00 1070.50
1072.00 1075.00 1073.50
1075.00 1078.00 1076.50
1078.00 1081.00 1079.50
1081.00 1084.00 1082.50
1084.00 1087.00 1085.50
1087.00 1090.00 1088.50
1090.00 1093.00 1091.50
1093.00 1096.00 1094.50
1096.00 1099.00 1097.50
1099.00 1102.00 1100.50
1102.00 1105.00 1103.50
1105.00 1108.00 1106.50
1108.00 1111.00 1109.50
1111.00 1114.00 1112.50
1114.00 1117.00 1115.50
1117.00 1120.00 1118.50
1120.00 1123.00 1121.50
1123.00 1126.00 1124.50
1126.00 1129.00 1127.50
1129.00 1132.00 1130.50
1132.00 1135.00 1133.50
1135.00 1138.00 1136.50
1138.00 1141.00 1139.50
1141.00 1144.00 1142.50
1144.00 1147.00 1145.50
1147.00 1150.00 1148.50
1150.00 1153.00 1151.50
1153.00 1156.00 1154.50
1156.00 1159.00 1157.50
1159.00 1162.00 1160.50
1162.00 1165.00 1163.50
1165.00 1168.00 1166.50
1168.00 1171.00 1169.50
1171.00 1174.00 1172.50
1174.00 1177.00 1175.50
1177.00 1180.00 1178.50
1180.00 1183.00 1181.50
1183.00 1186.00 1184.50
1186.00 1189.00 1187.50
1189.00 1192.00 1190.50
1192.00 1195.00 1193.50
1195.00 1198.00 1196.50
1198.00 1201.00 1199.50
1201.00 1204.00 1202.50
1204.00 1207.00 1205.50
1207.00 1210.00 1208.50
1210.00 1213.00 1211.50
1213.00 1216.00 1214.50
1216.00 1219.00 1217.50
1219.00 1222.00 1220.50
1222.00 1225.00 1223.50
1225.00 1228.00 1226.50
1228.00 1231.00 1229.50
1231.00 1234.00 1232.50
1234.00 1237.00 1235.50
1237.00 1240.00 1238.50
1240.00 1243.00 1241.50
1243.00 1246.00 1244.50
1246.00 1249.00 1247.50
1249.00 1252.00 1250.50
1252.00 1255.00 1253.50
1255.00 1258.00 1256.50
1258.00 1261.00 1259.50
1261.00 1264.00 1262.50
1264.00 1267.00 1265.50
1267.00 1270.00 1268.50
1270.00 1273.00 1271.50
1273.00 1276.00 1274.50
1276.00 1279.00 1277.50
1279.00 1282.00 1280.50
1282.00 1285.00 1283.50
1285.00 1288.00 1286.50
1288.00 1291.00 1289.50
1291.00 1294.00 1292.50
1294.00 1297.00 1295.50
1297.00 1300.00 1298.50
1300.00 1303.00 1301.50
1303.00 1306.00 1304.50
1306.00 1309.00 1307.50
1309.00 1312.00 1310.50
1312.00 1315.00 1313.50
1315.00 1318.00 1316.50
1318.00 1321.00 1319.50
1321.00 1324.00 1322.50
1324.00 1327.00 1325.50
1327.00 1330.00 1328.50
1330.00 1333.00 1331.50
1333.00 1336.00 1334.50
1336.00 1339.00 1337.50
1339.00 1342.00 1340.50
1342.00 1345.00 1343.50
1345.00 1348.00 1346.50
1348.00 1351.00 1349.50
1351.00 1354.00 1352.50
1354.00 1357.00 1355.50
1357.00 1360.00 1358.50
1360.00 1363.00 1361.50
1363.00 1366.00 1364.50
1366.00 1369.00 1367.50
1369.00 1372.00 1370.50
1372.00 1375.00 1373.50
1375.00 1378.00 1376.50
1378.00 1381.00 1379.50
1381.00 1384.00 1382.50
1384.00 1387.00 1385.50
1387.00 1390.00 1388.50
1390.00 1393.00 1391.50
1393.00 1396.00 1394.50
1396.00 1399.00 1397.50
1399.00 1402.00 1400.50
1402.00 1405.00 1403.50
1405.00 1408.00 1406.50
1408.00 1411.00 1409.50
1411.00 1414.00 1412.50
1414.00 1417.00 1415.50
1417.00 1420.00 1418.50
1420.00 1423.00 1421.50
1423.00 1426.00 1424.50
1426.00 1429.00 1427.50
1429.00 1432.00 1430.50
1432.00 1435.00 1433.50
1435.00 1438.00 1436.50
1438.00 1441.00 1439.50
1441.00 1444.00 1442.50
1444.00 1447.00 1445.50
1447.00 1450.00 1448.50
1450.00 1453.00 1451.50
1453.00 1456.00 1454.50
1456.00 1459.00 1457.50
1459.00 1462.00 1460.50
1462.00 1465.00 1463.50
1465.00 1468.00 1466.50
1468.00 1471.00 1469.50
1471.00 1474.00 1472.50
1474.00 1477.00 1475.50
1477.00 1480.00 1478.50
1480.00 1483.00 1481.50
1483.00 1486.00 1484.50
1486.00 1489.00 1487.50
1489.00 1492.00 1490.50
1492.00 1495.00 1493.50
1495.00 1498.00 1496.50
1498.00 1501.00 1499.50
1501.00 1504.00 1502.50
1504.00 1507.00 1505.50
1507.00 1510.00 1508.50
1510.00 1513.00 1511.50
1513.00 1516.00 1514.50
1516.00 1519.00 1517.50
1519.00 1522.00 1520.50
1522.00 1525.00 1523.50
1525.00 1528.00 1526.50
1528.00 1531.00 1529.50
1531.00 1534.00 1532.50
1534.00 1537.00 1535.50
1537.00 1540.00 1538.50
1540.00 1543.00 1541.50
1543.00 1546.00 1544.50
1546.00 1549.00 1547.50
1549.00 1552.00 1550.50
1552.00 1555.00 1553.50
1555.00 1558.00 1556.50
1558.00 1561.00 1559.50
1561.00 1564.00 1562.50
1564.00 1567.00 1565.50
1567.00 1570.00 1568.50
1570.00 1573.00 1571.50
1573.00 1576.00 1574.50
1576.00 1579.00 1577.50
1579.00 1582.00 1580.50
1582.00 1585.00 1583.50
1585.00 1588.00 1586.50
1588.00 1591.00 1589.50
1591.00 1594.00 1592.50
1594.00 1597.00 1595.50
1597.00 1600.00 1598.50
1600.00 1603.00 1601.50
1603.00 1606.00 1604.50
1606.00 1609.00 1607.50
1609.00 1612.00 1610.50
1612.00 1615.00 1613.50
1615.00 1618.00 1616.50
1618.00 1621.00 1619.50
1621.00 1624.00 1622.50
1624.00 1627.00 1625.50
1627.00 1630.00 1628.50
1630.00 1633.00 1631.50
1633.00 1636.00 1634.50
1636.00 1639.00 1637.50
1639.00 1642.00 1640.50
1642.00 1645.00 1643.50
1645.00 1648.00 1646.50
1648.00 1651.00 1649.50
1651.00 1654.00 1652.50
1654.00 1657.00 1655.50
1657.00 1660.00 1658.50
1660.00 1663.00 1661.50
1663.00 1666.00 1664.50
1666.00 1669.00 1667.50
1669.00 1672.00 1670.50
1672.00 1675.00 1673.50
1675.00 1678.00 1676.50
1678.00 1681.00 1679.50
1681.00 1684.00 1682.50
1684.00 1687.00 1685.50
1687.00 1690.00 1688.50
1690.00 1693.00 1691.50
1693.00 1696.00 1694.50
1696.00 1699.00 1697.50
1699.00 1702.00 1700.50
1702.00 1705.00 1703.50
1705.00 1708.00 1706.50
1708.00 1711.00 1709.50
1711.00 1714.00 1712.50
1714.00 1717.00 1715.50
1717.00 1720.00 1718.50
1720.00 1723.00 1721.50
1723.00 1726.00 1724.50
1726.00 1729.00 1727.50
1729.00 1732.00 1730.50
1732.00 1735.00 1733.50
1735.00 1738.00 1736.50
1738.00 1741.00 1739.50
1741.00 1744.00 1742.50
1744.00 1747.00 1745.50
1747.00 1750.00 1748.50
1750.00 1753.00 1751.50
1753.00 1756.00 1754.50
1756.00 1759.00 1757.50
1759.00 1762.00 1760.50
1762.00 1765.00 1763.50
1765.00 1768.00 1766.50
1768.00 1771.00 1769.50
1771.00 1774.00 1772.50
1774.00 1777.00 1775.50
1777.00 1780.00 1778.50
1780.00 1783.00 1781.50
1783.00 1786.00 1784.50
1786.00 1789.00 1787.50
1789.00 1792.00 1790.50
1792.00 1795.00 1793.50
1795.00 1798.00 1796.50
1798.00 1801.00 1799.50
1801.00 1804.00 1802.50
1804.00 1807.00 1805.50
1807.00 1810.00 1808.50
1810.00 1813.00 1811.50
1813.00 1816.00 1814.50
1816.00 1819.00 1817.50
1819.00 1822.00 1820.50
1822.00 1825.00 1823.50
1825.00 1828.00 1826.50
1828.00 1831.00 1829.50
1831.00 1834.00 1832.50
1834.00 1837.00 1835.50
1837.00 1840.00 1838.50
1840.00 1843.00 1841.50
1843.00 1846.00 1844.50
1846.00 1849.00 1847.50
1849.00 1852.00 1850.50
1852.00 1855.00 1853.50
1855.00 1858.00 1856.50
1858.00 1861.00 1859.50
1861.00 1864.00 1862.50
1864.00 1867.00 1865.50
1867.00 1870.00 1868.50
1870.00 1873.00 1871.50
1873.00 1876.00 1874.50
1876.00 1879.00 1877.50
1879.00 1882.00 1880.50
1882.00 1885.00 1883.50
1885.00 1888.00 1886.50
1888.00 1891.00 1889.50
1891.00 1894.00 1892.50
1894.00 1897.00 1895.50
1897.00 1900.00 1898.50
1900.00 1903.00 1901.50
1903.00 1906.00 1904.50
1906.00 1909.00 1907.50
1909.00 1912.00 1910.50
1912.00 1915.00 1913.50
1915.00 1918.00 1916.50
1918.00 1921.00 1919.50
1921.00 1924.00 1922.50
1924.00 1927.00 1925.50
1927.00 1930.00 1928.50
1930.00 1933.00 1931.50
1933.00 1936.00 1934.50
1936.00 1939.00 1937.50
1939.00 1942.00 1940.50
1942.00 1945.00 1943.50
1945.00 1948.00 1946.50
1948.00 1951.00 1949.50
1951.00 1954.00 1952.50
1954.00 1957.00 1955.50
1957.00 1960.00 1958.50
1960.00 1963.00 1961.50
1963.00 1966.00 1964.50
1966.00 1969.00 1967.50
1969.00 1972.00 1970.50
1972.00 1975.00 1973.50
1975.00 1978.00 1976.50
1978.00 1981.00 1979.50
1981.00 1984.00 1982.50
1984.00 1987.00 1985.50
1987.00 1990.00 1988.50
1990.00 1993.00 1991.50
1993.00 1996.00 1994.50
1996.00 1999.00 1997.50
1999.00 2002.00 2000.50
2002.00 2005.00 2003.50
2005.00 2008.00 2006.50
2008.00 2011.00 2009.50
2011.00 2014.00 2012.50
2014.00 2017.00 2015.50
2017.00 2020.00 2018.50
2020.00 2023.00 2021.50
2023.00 2026.00 2024.50
2026.00 2029.00 2027.50
2029.00 2032.00 2030.50
2032.00 2035.00 2033.50
2035.00 2038.00 2036.50
2038.00 2041.00 2039.50
2041.00 2044.00 2042.50
2044.00 2047.00 2045.50
2047.00 2050.00 2048.50
2050.00 2053.00 2051.50
2053.00 2056.00 2054.50
2056.00 2059.00 2057.50
2059.00 2062.00 2060.50
2062.00 2065.00 2063.50
2065.00 2068.00 2066.50
2068.00 2071.00 2069.50
2071.00 2074.00 2072.50
2074.00 2077.00 2075.50
2077.00 2080.00 2078.50
2080.00 2083.00 2081.50
2083.00 2086.00 2084.50
2086.00 2089.00 2087.50
2089.00 2092.00 2090.50
2092.00 2095.00 2093.50
2095.00 2098.00 2096.50
2098.00 2101.00 2099.50
2101.00 2104.00 2102.50
2104.00 2107.00 2105.50
2107.00 2110.00 2108.50
2110.00 2113.00 2111.50
2113.00 2116.00 2114.50
2116.00 2119.00 2117.50
2119.00 2122.00 2120.50
2122.00 2125.00 2123.50
2125.00 2128.00 2126.50
2128.00 2131.00 2129.50
2131.00 2134.00 2132.50
2134.00 2137.00 2135.50
2137.00 2140.00 2138.50
2140.00 2143.00 2141.50
2143.00 2146.00 2144.50
2146.00 2149.00 2147.50
2149.00 2152.00 2150.50
2152.00 2155.00 2153.50
2155.00 2158.00 2156.50
2158.00 2161.00 2159.50
2161.00 2164.00 2162.50
2164.00 2167.00 2165.50
2167.00 2170.00 2168.50
2170.00 2173.00 2171.50
2173.00 2176.00 2174.50
2176.00 2179.00 2177.50
2179.00 2182.00 2180.50
2182.00 2185.00 2183.50
2185.00 2188.00 2186.50
2188.00 2191.00 2189.50
2191.00 2194.00 2192.50
2194.00 2197.00 2195.50
2197.00 2200.00 2198.50
2200.00 2203.00 2201.50
2203.00 2206.00 2204.50
2206.00 2209.00 2207.50
2209.00 2212.00 2210.50
2212.00 2215.00 2213.50
2215.00 2218.00 2216.50
2218.00 2221.00 2219.50
2221.00 2224.00 2222.50
2224.00 2227.00 2225.50
2227.00 2230.00 2228.50
2230.00 2233.00 2231.50
2233.00 2236.00 2234.50
2236.00 2239.00 2237.50
2239.00 2242.00 2240.50
2242.00 2245.00 2243.50
2245.00 2248.00 2246.50
2248.00 2251.00 2249.50
2251.00 2254.00 2252.50
2254.00 2257.00 2255.50
2257.00 2260.00 2258.50
2260.00 2263.00 2261.50
2263.00 2266.00 2264.50
2266.00 2269.00 2267.50
2269.00 2272.00 2270.50
2272.00 2275.00 2273.50
2275.00 2278.00 2276.50
2278.00 2281.00 2279.50
2281.00 2284.00 2282.50
2284.00 2287.00 2285.50
2287.00 2290.00 2288.50
2290.00 2293.00 2291.50
2293.00 2296.00 2294.50
2296.00 2299.00 2297.50
2299.00 2302.00 2300.50
2302.00 2305.00 2303.50
2305.00 2308.00 2306.50
2308.00 2311.00 2309.50
2311.00 2314.00 2312.50
2314.00 2317.00 2315.50
2317.00 2320.00 2318.50
2320.00 2323.00 2321.50
2323.00 2326.00 2324.50
2326.00 2329.00 2327.50
2329.00 2332.00 2330.50
2332.00 2335.00 2333.50
2335.00 2338.00 2336.50
2338.00 2341.00 2339.50
2341.00 2344.00 2342.50
2344.00 2347.00 2345.50
2347.00 2350.00 2348.50
2350.00 2353.00 2351.50
2353.00 2356.00 2354.50
2356.00 2359.00 2357.50
2359.00 2362.00 2360.50
2362.00 2365.00 2363.50
2365.00 2368.00 2366.50
2368.00 2371.00 2369.50
2371.00 2374.00 2372.50
2374.00 2377.00 2375.50
2377.00 2380.00 2378.50
2380.00 2383.00 2381.50
2383.00 2386.00 2384.50
2386.00 2389.00 2387.50
2389.00 2392.00 2390.50
2392.00 2395.00 2393.50
2395.00 2398.00 2396.50
2398.00 2401.00 2399.50
2401.00 2404.00 2402.50
2404.00 2407.00 2405.50
2407.00 2410.00 2408.50
2410.00 2413.00 2411.50
2413.00 2416.00 2414.50
2416.00 2419.00 2417.50
2419.00 2422.00 2420.50
2422.00 2425.00 2423.50
2425.00 2428.00 2426.50
2428.00 2431.00 2429.50
2431.00 2434.00 2432.50
2434.00 2437.00 2435.50
2437.00 2440.00 2438.50
2440.00 2443.00 2441.50
2443.00 2446.00 2444.50
2446.00 2449.00 2447.50
2449.00 2452.00 2450.50
2452.00 2455.00 2453.50
2455.00 2458.00 2456.50
2458.00 2461.00 2459.50
2461.00 2464.00 2462.50
2464.00 2467.00 2465.50
2467.00 2470.00 2468.50
2470.00 2473.00 2471.50
2473.00 2476.00 2474.50
2476.00 2479.00 2477.50
2479.00 2482.00 2480.50
2482.00 2485.00 2483.50
2485.00 2488.00 2486.50
2488.00 2491.00 2489.50
2491.00 2494.00 2492.50
2494.00 2497.00 2495.50
2497.00 2500.00 2498.50
